service_id,monday,tuesday,wednesday,thursday,friday,saturday,sunday,start_date,end_date                                                               
1032X,0,0,1,0,0,0,0,20220112,20220112                                                                                                                 
1033J,0,0,0,1,0,0,0,20220113,20220113                                                                                                                 
1034V,0,0,0,0,1,0,0,20220114,20220114                                                                                                                 
1035S,0,0,0,0,0,1,0,20220115,20220115                                                                                                                 
1036D,0,0,0,0,0,0,1,20220116,20220116                                                                                                                 
1037L,1,0,0,0,0,0,0,20220117,20220117                                                                                                                 
1038M,0,1,0,0,0,0,0,20220118,20220118                                                                                                                 
1039X,0,0,1,0,0,0,0,20220119,20220119                                                                                                                 
1040J,0,0,0,1,0,0,0,20220120,20220120                                                                                                                 
1041V,0,0,0,0,1,0,0,20220121,20220121                                                                                                                 
1042S,0,0,0,0,0,1,0,20220122,20220122                                                                                                                 
1043D,0,0,0,0,0,0,1,20220123,20220123                                                                                                                 
1044L,1,0,0,0,0,0,0,20220124,20220124                                                                                                                 
1045M,0,1,0,0,0,0,0,20220125,20220125                                                                                                                 
1046X,0,0,1,0,0,0,0,20220126,20220126                                                                                                                 
1047J,0,0,0,1,0,0,0,20220127,20220127                                                                                                                 
1048V,0,0,0,0,1,0,0,20220128,20220128                                                                                                                 
1049S,0,0,0,0,0,1,0,20220129,20220129                                                                                                                 
1050D,0,0,0,0,0,0,1,20220130,20220130                                                                                                                 
1051L,1,0,0,0,0,0,0,20220131,20220131                                                                                                                 
1052M,0,1,0,0,0,0,0,20220201,20220201                                                                                                                 
1053X,0,0,1,0,0,0,0,20220202,20220202                                                                                                                 
1054J,0,0,0,1,0,0,0,20220203,20220203                                                                                                                 
1055V,0,0,0,0,1,0,0,20220204,20220204                                                                                                                 
1056S,0,0,0,0,0,1,0,20220205,20220205                                                                                                                 
1057D,0,0,0,0,0,0,1,20220206,20220206                                                                                                                 
1058L,1,0,0,0,0,0,0,20220207,20220207                                                                                                                 
1059M,0,1,0,0,0,0,0,20220208,20220208                                                                                                                 
1060X,0,0,1,0,0,0,0,20220209,20220209                                                                                                                 
1061J,0,0,0,1,0,0,0,20220210,20220210                                                                                                                 
1062V,0,0,0,0,1,0,0,20220211,20220211                                                                                                                 
2032X,0,0,1,0,0,0,0,20220112,20220112                                                                                                                 
2033J,0,0,0,1,0,0,0,20220113,20220113                                                                                                                 
2034V,0,0,0,0,1,0,0,20220114,20220114                                                                                                                 
2035S,0,0,0,0,0,1,0,20220115,20220115                                                                                                                 
2036D,0,0,0,0,0,0,1,20220116,20220116                                                                                                                 
2037L,1,0,0,0,0,0,0,20220117,20220117                                                                                                                 
2038M,0,1,0,0,0,0,0,20220118,20220118                                                                                                                 
2039X,0,0,1,0,0,0,0,20220119,20220119                                                                                                                 
2040J,0,0,0,1,0,0,0,20220120,20220120                                                                                                                 
2041V,0,0,0,0,1,0,0,20220121,20220121                                                                                                                 
2042S,0,0,0,0,0,1,0,20220122,20220122                                                                                                                 
2043D,0,0,0,0,0,0,1,20220123,20220123                                                                                                                 
2044L,1,0,0,0,0,0,0,20220124,20220124                                                                                                                 
2045M,0,1,0,0,0,0,0,20220125,20220125                                                                                                                 
2046X,0,0,1,0,0,0,0,20220126,20220126                                                                                                                 
2047J,0,0,0,1,0,0,0,20220127,20220127                                                                                                                 
2048V,0,0,0,0,1,0,0,20220128,20220128                                                                                                                 
2049S,0,0,0,0,0,1,0,20220129,20220129                                                                                                                 
2050D,0,0,0,0,0,0,1,20220130,20220130                                                                                                                 
2051L,1,0,0,0,0,0,0,20220131,20220131                                                                                                                 
2052M,0,1,0,0,0,0,0,20220201,20220201                                                                                                                 
2053X,0,0,1,0,0,0,0,20220202,20220202                                                                                                                 
2054J,0,0,0,1,0,0,0,20220203,20220203                                                                                                                 
2055V,0,0,0,0,1,0,0,20220204,20220204                                                                                                                 
2056S,0,0,0,0,0,1,0,20220205,20220205                                                                                                                 
2057D,0,0,0,0,0,0,1,20220206,20220206                                                                                                                 
2058L,1,0,0,0,0,0,0,20220207,20220207                                                                                                                 
2059M,0,1,0,0,0,0,0,20220208,20220208                                                                                                                 
2060X,0,0,1,0,0,0,0,20220209,20220209                                                                                                                 
2061J,0,0,0,1,0,0,0,20220210,20220210                                                                                                                 
2062V,0,0,0,0,1,0,0,20220211,20220211                                                                                                                 
3032X,0,0,1,0,0,0,0,20220112,20220112                                                                                                                 
3033J,0,0,0,1,0,0,0,20220113,20220113                                                                                                                 
3034V,0,0,0,0,1,0,0,20220114,20220114                                                                                                                 
3035S,0,0,0,0,0,1,0,20220115,20220115                                                                                                                 
3036D,0,0,0,0,0,0,1,20220116,20220116                                                                                                                 
3037L,1,0,0,0,0,0,0,20220117,20220117                                                                                                                 
3038M,0,1,0,0,0,0,0,20220118,20220118                                                                                                                 
3039X,0,0,1,0,0,0,0,20220119,20220119                                                                                                                 
3040J,0,0,0,1,0,0,0,20220120,20220120                                                                                                                 
3041V,0,0,0,0,1,0,0,20220121,20220121                                                                                                                 
3042S,0,0,0,0,0,1,0,20220122,20220122                                                                                                                 
3043D,0,0,0,0,0,0,1,20220123,20220123                                                                                                                 
3044L,1,0,0,0,0,0,0,20220124,20220124                                                                                                                 
3045M,0,1,0,0,0,0,0,20220125,20220125                                                                                                                 
3046X,0,0,1,0,0,0,0,20220126,20220126                                                                                                                 
3047J,0,0,0,1,0,0,0,20220127,20220127                                                                                                                 
3048V,0,0,0,0,1,0,0,20220128,20220128                                                                                                                 
3049S,0,0,0,0,0,1,0,20220129,20220129                                                                                                                 
3050D,0,0,0,0,0,0,1,20220130,20220130                                                                                                                 
3051L,1,0,0,0,0,0,0,20220131,20220131                                                                                                                 
3052M,0,1,0,0,0,0,0,20220201,20220201                                                                                                                 
3053X,0,0,1,0,0,0,0,20220202,20220202                                                                                                                 
3054J,0,0,0,1,0,0,0,20220203,20220203                                                                                                                 
3055V,0,0,0,0,1,0,0,20220204,20220204                                                                                                                 
3056S,0,0,0,0,0,1,0,20220205,20220205                                                                                                                 
3057D,0,0,0,0,0,0,1,20220206,20220206                                                                                                                 
3058L,1,0,0,0,0,0,0,20220207,20220207                                                                                                                 
3059M,0,1,0,0,0,0,0,20220208,20220208                                                                                                                 
3060X,0,0,1,0,0,0,0,20220209,20220209                                                                                                                 
3061J,0,0,0,1,0,0,0,20220210,20220210                                                                                                                 
3062V,0,0,0,0,1,0,0,20220211,20220211                                                                                                                 
3132X,0,0,1,0,0,0,0,20220112,20220112                                                                                                                 
3133J,0,0,0,1,0,0,0,20220113,20220113                                                                                                                 
3134V,0,0,0,0,1,0,0,20220114,20220114                                                                                                                 
3135S,0,0,0,0,0,1,0,20220115,20220115                                                                                                                 
3136D,0,0,0,0,0,0,1,20220116,20220116                                                                                                                 
3137L,1,0,0,0,0,0,0,20220117,20220117                                                                                                                 
3138M,0,1,0,0,0,0,0,20220118,20220118                                                                                                                 
3139X,0,0,1,0,0,0,0,20220119,20220119                                                                                                                 
3140J,0,0,0,1,0,0,0,20220120,20220120                                                                                                                 
3141V,0,0,0,0,1,0,0,20220121,20220121                                                                                                                 
3142S,0,0,0,0,0,1,0,20220122,20220122                                                                                                                 
3143D,0,0,0,0,0,0,1,20220123,20220123                                                                                                                 
3144L,1,0,0,0,0,0,0,20220124,20220124                                                                                                                 
3145M,0,1,0,0,0,0,0,20220125,20220125                                                                                                                 
3146X,0,0,1,0,0,0,0,20220126,20220126                                                                                                                 
3147J,0,0,0,1,0,0,0,20220127,20220127                                                                                                                 
3148V,0,0,0,0,1,0,0,20220128,20220128                                                                                                                 
3149S,0,0,0,0,0,1,0,20220129,20220129                                                                                                                 
3150D,0,0,0,0,0,0,1,20220130,20220130                                                                                                                 
3151L,1,0,0,0,0,0,0,20220131,20220131                                                                                                                 
3152M,0,1,0,0,0,0,0,20220201,20220201                                                                                                                 
3153X,0,0,1,0,0,0,0,20220202,20220202                                                                                                                 
3154J,0,0,0,1,0,0,0,20220203,20220203                                                                                                                 
3155V,0,0,0,0,1,0,0,20220204,20220204                                                                                                                 
3156S,0,0,0,0,0,1,0,20220205,20220205                                                                                                                 
3157D,0,0,0,0,0,0,1,20220206,20220206                                                                                                                 
3158L,1,0,0,0,0,0,0,20220207,20220207                                                                                                                 
3159M,0,1,0,0,0,0,0,20220208,20220208                                                                                                                 
3160X,0,0,1,0,0,0,0,20220209,20220209                                                                                                                 
3161J,0,0,0,1,0,0,0,20220210,20220210                                                                                                                 
3162V,0,0,0,0,1,0,0,20220211,20220211                                                                                                                 
3232X,0,0,1,0,0,0,0,20220112,20220112                                                                                                                 
3233J,0,0,0,1,0,0,0,20220113,20220113                                                                                                                 
3234V,0,0,0,0,1,0,0,20220114,20220114                                                                                                                 
3235S,0,0,0,0,0,1,0,20220115,20220115                                                                                                                 
3236D,0,0,0,0,0,0,1,20220116,20220116                                                                                                                 
3237L,1,0,0,0,0,0,0,20220117,20220117                                                                                                                 
3238M,0,1,0,0,0,0,0,20220118,20220118                                                                                                                 
3239X,0,0,1,0,0,0,0,20220119,20220119                                                                                                                 
3240J,0,0,0,1,0,0,0,20220120,20220120                                                                                                                 
3241V,0,0,0,0,1,0,0,20220121,20220121                                                                                                                 
3242S,0,0,0,0,0,1,0,20220122,20220122                                                                                                                 
3243D,0,0,0,0,0,0,1,20220123,20220123                                                                                                                 
3244L,1,0,0,0,0,0,0,20220124,20220124                                                                                                                 
3245M,0,1,0,0,0,0,0,20220125,20220125                                                                                                                 
3246X,0,0,1,0,0,0,0,20220126,20220126                                                                                                                 
3247J,0,0,0,1,0,0,0,20220127,20220127                                                                                                                 
3248V,0,0,0,0,1,0,0,20220128,20220128                                                                                                                 
3249S,0,0,0,0,0,1,0,20220129,20220129                                                                                                                 
3250D,0,0,0,0,0,0,1,20220130,20220130                                                                                                                 
3251L,1,0,0,0,0,0,0,20220131,20220131                                                                                                                 
3252M,0,1,0,0,0,0,0,20220201,20220201                                                                                                                 
3253X,0,0,1,0,0,0,0,20220202,20220202                                                                                                                 
3254J,0,0,0,1,0,0,0,20220203,20220203                                                                                                                 
3255V,0,0,0,0,1,0,0,20220204,20220204                                                                                                                 
3256S,0,0,0,0,0,1,0,20220205,20220205                                                                                                                 
3257D,0,0,0,0,0,0,1,20220206,20220206                                                                                                                 
3258L,1,0,0,0,0,0,0,20220207,20220207                                                                                                                 
3259M,0,1,0,0,0,0,0,20220208,20220208                                                                                                                 
3260X,0,0,1,0,0,0,0,20220209,20220209                                                                                                                 
3261J,0,0,0,1,0,0,0,20220210,20220210                                                                                                                 
3262V,0,0,0,0,1,0,0,20220211,20220211                                                                                                                 
4032X,0,0,1,0,0,0,0,20220112,20220112                                                                                                                 
4033J,0,0,0,1,0,0,0,20220113,20220113                                                                                                                 
4034V,0,0,0,0,1,0,0,20220114,20220114                                                                                                                 
4035S,0,0,0,0,0,1,0,20220115,20220115                                                                                                                 
4036D,0,0,0,0,0,0,1,20220116,20220116                                                                                                                 
4037L,1,0,0,0,0,0,0,20220117,20220117                                                                                                                 
4038M,0,1,0,0,0,0,0,20220118,20220118                                                                                                                 
4039X,0,0,1,0,0,0,0,20220119,20220119                                                                                                                 
4040J,0,0,0,1,0,0,0,20220120,20220120                                                                                                                 
4041V,0,0,0,0,1,0,0,20220121,20220121                                                                                                                 
4042S,0,0,0,0,0,1,0,20220122,20220122                                                                                                                 
4043D,0,0,0,0,0,0,1,20220123,20220123                                                                                                                 
4044L,1,0,0,0,0,0,0,20220124,20220124                                                                                                                 
4045M,0,1,0,0,0,0,0,20220125,20220125                                                                                                                 
4046X,0,0,1,0,0,0,0,20220126,20220126                                                                                                                 
4047J,0,0,0,1,0,0,0,20220127,20220127                                                                                                                 
4048V,0,0,0,0,1,0,0,20220128,20220128                                                                                                                 
4049S,0,0,0,0,0,1,0,20220129,20220129                                                                                                                 
4050D,0,0,0,0,0,0,1,20220130,20220130                                                                                                                 
4051L,1,0,0,0,0,0,0,20220131,20220131                                                                                                                 
4052M,0,1,0,0,0,0,0,20220201,20220201                                                                                                                 
4053X,0,0,1,0,0,0,0,20220202,20220202                                                                                                                 
4054J,0,0,0,1,0,0,0,20220203,20220203                                                                                                                 
4055V,0,0,0,0,1,0,0,20220204,20220204                                                                                                                 
4056S,0,0,0,0,0,1,0,20220205,20220205                                                                                                                 
4057D,0,0,0,0,0,0,1,20220206,20220206                                                                                                                 
4058L,1,0,0,0,0,0,0,20220207,20220207                                                                                                                 
4059M,0,1,0,0,0,0,0,20220208,20220208                                                                                                                 
4060X,0,0,1,0,0,0,0,20220209,20220209                                                                                                                 
4061J,0,0,0,1,0,0,0,20220210,20220210                                                                                                                 
4062V,0,0,0,0,1,0,0,20220211,20220211                                                                                                                 
4132X,0,0,1,0,0,0,0,20220112,20220112                                                                                                                 
4133J,0,0,0,1,0,0,0,20220113,20220113                                                                                                                 
4134V,0,0,0,0,1,0,0,20220114,20220114                                                                                                                 
4135S,0,0,0,0,0,1,0,20220115,20220115                                                                                                                 
4136D,0,0,0,0,0,0,1,20220116,20220116                                                                                                                 
4137L,1,0,0,0,0,0,0,20220117,20220117                                                                                                                 
4138M,0,1,0,0,0,0,0,20220118,20220118                                                                                                                 
4139X,0,0,1,0,0,0,0,20220119,20220119                                                                                                                 
4140J,0,0,0,1,0,0,0,20220120,20220120                                                                                                                 
4141V,0,0,0,0,1,0,0,20220121,20220121                                                                                                                 
4142S,0,0,0,0,0,1,0,20220122,20220122                                                                                                                 
4143D,0,0,0,0,0,0,1,20220123,20220123                                                                                                                 
4144L,1,0,0,0,0,0,0,20220124,20220124                                                                                                                 
4145M,0,1,0,0,0,0,0,20220125,20220125                                                                                                                 
4146X,0,0,1,0,0,0,0,20220126,20220126                                                                                                                 
4147J,0,0,0,1,0,0,0,20220127,20220127                                                                                                                 
4148V,0,0,0,0,1,0,0,20220128,20220128                                                                                                                 
4149S,0,0,0,0,0,1,0,20220129,20220129                                                                                                                 
4150D,0,0,0,0,0,0,1,20220130,20220130                                                                                                                 
4151L,1,0,0,0,0,0,0,20220131,20220131                                                                                                                 
4152M,0,1,0,0,0,0,0,20220201,20220201                                                                                                                 
4153X,0,0,1,0,0,0,0,20220202,20220202                                                                                                                 
4154J,0,0,0,1,0,0,0,20220203,20220203                                                                                                                 
4155V,0,0,0,0,1,0,0,20220204,20220204                                                                                                                 
4156S,0,0,0,0,0,1,0,20220205,20220205                                                                                                                 
4157D,0,0,0,0,0,0,1,20220206,20220206                                                                                                                 
4158L,1,0,0,0,0,0,0,20220207,20220207                                                                                                                 
4159M,0,1,0,0,0,0,0,20220208,20220208                                                                                                                 
4160X,0,0,1,0,0,0,0,20220209,20220209                                                                                                                 
4161J,0,0,0,1,0,0,0,20220210,20220210                                                                                                                 
4162V,0,0,0,0,1,0,0,20220211,20220211                                                                                                                 
5032X,0,0,1,0,0,0,0,20220112,20220112                                                                                                                 
5033J,0,0,0,1,0,0,0,20220113,20220113                                                                                                                 
5034V,0,0,0,0,1,0,0,20220114,20220114                                                                                                                 
5035S,0,0,0,0,0,1,0,20220115,20220115                                                                                                                 
5036D,0,0,0,0,0,0,1,20220116,20220116                                                                                                                 
5037L,1,0,0,0,0,0,0,20220117,20220117                                                                                                                 
5038M,0,1,0,0,0,0,0,20220118,20220118                                                                                                                 
5039X,0,0,1,0,0,0,0,20220119,20220119                                                                                                                 
5040J,0,0,0,1,0,0,0,20220120,20220120                                                                                                                 
5041V,0,0,0,0,1,0,0,20220121,20220121                                                                                                                 
5042S,0,0,0,0,0,1,0,20220122,20220122                                                                                                                 
5043D,0,0,0,0,0,0,1,20220123,20220123                                                                                                                 
5044L,1,0,0,0,0,0,0,20220124,20220124                                                                                                                 
5045M,0,1,0,0,0,0,0,20220125,20220125                                                                                                                 
5046X,0,0,1,0,0,0,0,20220126,20220126                                                                                                                 
5047J,0,0,0,1,0,0,0,20220127,20220127                                                                                                                 
5048V,0,0,0,0,1,0,0,20220128,20220128                                                                                                                 
5049S,0,0,0,0,0,1,0,20220129,20220129                                                                                                                 
5050D,0,0,0,0,0,0,1,20220130,20220130                                                                                                                 
5051L,1,0,0,0,0,0,0,20220131,20220131                                                                                                                 
5052M,0,1,0,0,0,0,0,20220201,20220201                                                                                                                 
5053X,0,0,1,0,0,0,0,20220202,20220202                                                                                                                 
5054J,0,0,0,1,0,0,0,20220203,20220203                                                                                                                 
5055V,0,0,0,0,1,0,0,20220204,20220204                                                                                                                 
5056S,0,0,0,0,0,1,0,20220205,20220205                                                                                                                 
5057D,0,0,0,0,0,0,1,20220206,20220206                                                                                                                 
5058L,1,0,0,0,0,0,0,20220207,20220207                                                                                                                 
5059M,0,1,0,0,0,0,0,20220208,20220208                                                                                                                 
5060X,0,0,1,0,0,0,0,20220209,20220209                                                                                                                 
5061J,0,0,0,1,0,0,0,20220210,20220210                                                                                                                 
5062V,0,0,0,0,1,0,0,20220211,20220211                                                                                                                 
6032X,0,0,1,0,0,0,0,20220112,20220112                                                                                                                 
6033J,0,0,0,1,0,0,0,20220113,20220113                                                                                                                 
6034V,0,0,0,0,1,0,0,20220114,20220114                                                                                                                 
6035S,0,0,0,0,0,1,0,20220115,20220115                                                                                                                 
6036D,0,0,0,0,0,0,1,20220116,20220116                                                                                                                 
6037L,1,0,0,0,0,0,0,20220117,20220117                                                                                                                 
6038M,0,1,0,0,0,0,0,20220118,20220118                                                                                                                 
6039X,0,0,1,0,0,0,0,20220119,20220119                                                                                                                 
6040J,0,0,0,1,0,0,0,20220120,20220120                                                                                                                 
6041V,0,0,0,0,1,0,0,20220121,20220121                                                                                                                 
6042S,0,0,0,0,0,1,0,20220122,20220122                                                                                                                 
6043D,0,0,0,0,0,0,1,20220123,20220123                                                                                                                 
6044L,1,0,0,0,0,0,0,20220124,20220124                                                                                                                 
6045M,0,1,0,0,0,0,0,20220125,20220125                                                                                                                 
6046X,0,0,1,0,0,0,0,20220126,20220126                                                                                                                 
6047J,0,0,0,1,0,0,0,20220127,20220127                                                                                                                 
6048V,0,0,0,0,1,0,0,20220128,20220128                                                                                                                 
6049S,0,0,0,0,0,1,0,20220129,20220129                                                                                                                 
6050D,0,0,0,0,0,0,1,20220130,20220130                                                                                                                 
6051L,1,0,0,0,0,0,0,20220131,20220131                                                                                                                 
6052M,0,1,0,0,0,0,0,20220201,20220201                                                                                                                 
6053X,0,0,1,0,0,0,0,20220202,20220202                                                                                                                 
6054J,0,0,0,1,0,0,0,20220203,20220203                                                                                                                 
6055V,0,0,0,0,1,0,0,20220204,20220204                                                                                                                 
6056S,0,0,0,0,0,1,0,20220205,20220205                                                                                                                 
6057D,0,0,0,0,0,0,1,20220206,20220206                                                                                                                 
6058L,1,0,0,0,0,0,0,20220207,20220207                                                                                                                 
6059M,0,1,0,0,0,0,0,20220208,20220208                                                                                                                 
6060X,0,0,1,0,0,0,0,20220209,20220209                                                                                                                 
6061J,0,0,0,1,0,0,0,20220210,20220210                                                                                                                 
6062V,0,0,0,0,1,0,0,20220211,20220211                                                                                                                 
6132X,0,0,1,0,0,0,0,20220112,20220112                                                                                                                 
6133J,0,0,0,1,0,0,0,20220113,20220113                                                                                                                 
6134V,0,0,0,0,1,0,0,20220114,20220114                                                                                                                 
6135S,0,0,0,0,0,1,0,20220115,20220115                                                                                                                 
6136D,0,0,0,0,0,0,1,20220116,20220116                                                                                                                 
6137L,1,0,0,0,0,0,0,20220117,20220117                                                                                                                 
6138M,0,1,0,0,0,0,0,20220118,20220118                                                                                                                 
6139X,0,0,1,0,0,0,0,20220119,20220119                                                                                                                 
6140J,0,0,0,1,0,0,0,20220120,20220120                                                                                                                 
6141V,0,0,0,0,1,0,0,20220121,20220121                                                                                                                 
6142S,0,0,0,0,0,1,0,20220122,20220122                                                                                                                 
6143D,0,0,0,0,0,0,1,20220123,20220123                                                                                                                 
6144L,1,0,0,0,0,0,0,20220124,20220124                                                                                                                 
6145M,0,1,0,0,0,0,0,20220125,20220125                                                                                                                 
6146X,0,0,1,0,0,0,0,20220126,20220126                                                                                                                 
6147J,0,0,0,1,0,0,0,20220127,20220127                                                                                                                 
6148V,0,0,0,0,1,0,0,20220128,20220128                                                                                                                 
6149S,0,0,0,0,0,1,0,20220129,20220129                                                                                                                 
6150D,0,0,0,0,0,0,1,20220130,20220130                                                                                                                 
6151L,1,0,0,0,0,0,0,20220131,20220131                                                                                                                 
6152M,0,1,0,0,0,0,0,20220201,20220201                                                                                                                 
6153X,0,0,1,0,0,0,0,20220202,20220202                                                                                                                 
6154J,0,0,0,1,0,0,0,20220203,20220203                                                                                                                 
6155V,0,0,0,0,1,0,0,20220204,20220204                                                                                                                 
6156S,0,0,0,0,0,1,0,20220205,20220205                                                                                                                 
6157D,0,0,0,0,0,0,1,20220206,20220206                                                                                                                 
6158L,1,0,0,0,0,0,0,20220207,20220207                                                                                                                 
6159M,0,1,0,0,0,0,0,20220208,20220208                                                                                                                 
6160X,0,0,1,0,0,0,0,20220209,20220209                                                                                                                 
6161J,0,0,0,1,0,0,0,20220210,20220210                                                                                                                 
6162V,0,0,0,0,1,0,0,20220211,20220211                                                                                                                 
6232X,0,0,1,0,0,0,0,20220112,20220112                                                                                                                 
6233J,0,0,0,1,0,0,0,20220113,20220113                                                                                                                 
6234V,0,0,0,0,1,0,0,20220114,20220114                                                                                                                 
6235S,0,0,0,0,0,1,0,20220115,20220115                                                                                                                 
6236D,0,0,0,0,0,0,1,20220116,20220116                                                                                                                 
6237L,1,0,0,0,0,0,0,20220117,20220117                                                                                                                 
6238M,0,1,0,0,0,0,0,20220118,20220118                                                                                                                 
6239X,0,0,1,0,0,0,0,20220119,20220119                                                                                                                 
6240J,0,0,0,1,0,0,0,20220120,20220120                                                                                                                 
6241V,0,0,0,0,1,0,0,20220121,20220121                                                                                                                 
6242S,0,0,0,0,0,1,0,20220122,20220122                                                                                                                 
6243D,0,0,0,0,0,0,1,20220123,20220123                                                                                                                 
6244L,1,0,0,0,0,0,0,20220124,20220124                                                                                                                 
6245M,0,1,0,0,0,0,0,20220125,20220125                                                                                                                 
6246X,0,0,1,0,0,0,0,20220126,20220126                                                                                                                 
6247J,0,0,0,1,0,0,0,20220127,20220127                                                                                                                 
6248V,0,0,0,0,1,0,0,20220128,20220128                                                                                                                 
6249S,0,0,0,0,0,1,0,20220129,20220129                                                                                                                 
6250D,0,0,0,0,0,0,1,20220130,20220130                                                                                                                 
6251L,1,0,0,0,0,0,0,20220131,20220131                                                                                                                 
6252M,0,1,0,0,0,0,0,20220201,20220201                                                                                                                 
6253X,0,0,1,0,0,0,0,20220202,20220202                                                                                                                 
6254J,0,0,0,1,0,0,0,20220203,20220203                                                                                                                 
6255V,0,0,0,0,1,0,0,20220204,20220204                                                                                                                 
6256S,0,0,0,0,0,1,0,20220205,20220205                                                                                                                 
6257D,0,0,0,0,0,0,1,20220206,20220206                                                                                                                 
6258L,1,0,0,0,0,0,0,20220207,20220207                                                                                                                 
6259M,0,1,0,0,0,0,0,20220208,20220208                                                                                                                 
6260X,0,0,1,0,0,0,0,20220209,20220209                                                                                                                 
6261J,0,0,0,1,0,0,0,20220210,20220210                                                                                                                 
6262V,0,0,0,0,1,0,0,20220211,20220211                                                                                                                 
7032X,0,0,1,0,0,0,0,20220112,20220112                                                                                                                 
7033J,0,0,0,1,0,0,0,20220113,20220113                                                                                                                 
7034V,0,0,0,0,1,0,0,20220114,20220114                                                                                                                 
7035S,0,0,0,0,0,1,0,20220115,20220115                                                                                                                 
7036D,0,0,0,0,0,0,1,20220116,20220116                                                                                                                 
7037L,1,0,0,0,0,0,0,20220117,20220117                                                                                                                 
7038M,0,1,0,0,0,0,0,20220118,20220118                                                                                                                 
7039X,0,0,1,0,0,0,0,20220119,20220119                                                                                                                 
7040J,0,0,0,1,0,0,0,20220120,20220120                                                                                                                 
7041V,0,0,0,0,1,0,0,20220121,20220121                                                                                                                 
7042S,0,0,0,0,0,1,0,20220122,20220122                                                                                                                 
7043D,0,0,0,0,0,0,1,20220123,20220123                                                                                                                 
7044L,1,0,0,0,0,0,0,20220124,20220124                                                                                                                 
7045M,0,1,0,0,0,0,0,20220125,20220125                                                                                                                 
7046X,0,0,1,0,0,0,0,20220126,20220126                                                                                                                 
7047J,0,0,0,1,0,0,0,20220127,20220127                                                                                                                 
7048V,0,0,0,0,1,0,0,20220128,20220128                                                                                                                 
7049S,0,0,0,0,0,1,0,20220129,20220129                                                                                                                 
7050D,0,0,0,0,0,0,1,20220130,20220130                                                                                                                 
7051L,1,0,0,0,0,0,0,20220131,20220131                                                                                                                 
7052M,0,1,0,0,0,0,0,20220201,20220201                                                                                                                 
7053X,0,0,1,0,0,0,0,20220202,20220202                                                                                                                 
7054J,0,0,0,1,0,0,0,20220203,20220203                                                                                                                 
7055V,0,0,0,0,1,0,0,20220204,20220204                                                                                                                 
7056S,0,0,0,0,0,1,0,20220205,20220205                                                                                                                 
7057D,0,0,0,0,0,0,1,20220206,20220206                                                                                                                 
7058L,1,0,0,0,0,0,0,20220207,20220207                                                                                                                 
7059M,0,1,0,0,0,0,0,20220208,20220208                                                                                                                 
7060X,0,0,1,0,0,0,0,20220209,20220209                                                                                                                 
7061J,0,0,0,1,0,0,0,20220210,20220210                                                                                                                 
7062V,0,0,0,0,1,0,0,20220211,20220211                                                                                                                 
